1
46,46
	1	2	3	4	5	6	7	8	9	10
	33	34	35	36	37	38	39	40	41	63
	64	65	66	67	68	69	70	71	93	94
	95	96	97	98	99	100	109	123	124	125
	126	127	128	135	136	137
	140	139	138	134	133	132	131	130	129	110
	108	107	106	105	104	103	102	101	80	79
	78	77	76	75	74	73	72	50	49	48
	47	46	45	44	43	42	20	19	18	17
	16	15	14	13	12	11
92
	1	2	3	4	5	6	7	8	9	10
	11	12	13	14	15	16	17	18	19	20
	33	34	35	36	37	38	39	40	41	42
	43	44	45	46	47	48	49	50	63	64
	65	66	67	68	69	70	71	72	73	74
	75	76	77	78	79	80	93	94	95	96
	97	98	99	100	101	102	103	104	105	106
	107	108	109	110	123	124	125	126	127	128
	129	130	131	132	133	134	135	136	137	138
	139	140
0

11
0.00 7.84 15.65 23.46 31.27 39.08 46.89 54.70 62.51 70.32 78.17
0.00 12.80 12.80 12.80 12.80 12.80 12.80 12.80 12.80 12.80 11.83
0 100 200 300 400 500 600 700 800 900 1000
0 0 0 0 0 0 0 0 0 0 0
9
78.17 79.05 80.00 81.06 82.25 83.68 85.53 90.00 120.00
11.83 10.95 10.00 8.94 7.75 6.32 4.47 0.00 0.00
1000 1010 1020 1030 1040 1050 1060 1070 1070
0 0 0 0 0 0 0 0 0
8
0.00 4.47 6.32 7.75 8.94 10.00 10.95 11.83
0.00 4.47 6.32 7.75 8.94 10.00 10.95 11.83
0 10 20 30 40 50 60 70
0 0 0 0 0 0 0 0
3
11.83 71.65 114.05
11.83 16.93 10.95
70 1070 1770
0 0 0
8
0.00 115.00 116.06 117.25 118.68 120.53 125.00 155.00
0.00 10.00 8.94 7.75 6.32 4.47 0.00 0.00
0 1780 1790 1800 1810 1820 1830 1830
0 0 0 0 0 0 0 0
7
155.00 4.47 6.32 7.75 8.94 10.00 10.95
0.00 4.47 6.32 7.75 8.94 10.00 10.95
1830 10 20 30 40 50 60
0 0 0 0 0 0 0
3
0.00 72.93 86.05
0.00 16.37 10.95
0 1060 1260
0 0 0
8
86.05 87.00 88.06 89.25 90.68 92.53 97.00 127.00
10.95 10.00 8.94 7.75 6.32 4.47 0.00 0.00
1260 1270 1280 1290 1300 1310 1320 1320
0 0 0 0 0 0 0 0
7
0.00 4.47 6.32 7.75 8.94 10.00 10.95
0.00 4.47 6.32 7.75 8.94 10.00 10.95
0 10 20 30 40 50 60
0 0 0 0 0 0 0
10
10.95 18.37 25.43 32.48 39.54 46.59 53.64 60.70 67.75 73.39
10.95 14.18 14.18 14.18 14.18 14.18 14.18 14.18 14.18 14.18
60 160 260 360 460 560 660 760 860 940
0 0 0 0 0 0 0 0 0 0
5
0.00 80.45 89.68 96.00 131.00
0.00 14.18 6.32 0.00 0.00
0 1040 1140 1160 1160
0 0 0 0 0
4
131.00 14.14 20.00 21.02
0.00 14.14 19.65 19.65
1160 100 200 220
0 0 0 0
3
0.00 71.92 85.05
0.00 19.65 10.95
0 1220 1440
0 0 0
8
85.05 86.00 87.06 88.25 89.68 91.53 96.00 126.00
10.95 10.00 8.94 7.75 6.32 4.47 0.00 0.00
1440 1450 1460 1470 1480 1490 1500 1500
0 0 0 0 0 0 0 0
7
0.00 4.47 6.32 7.75 8.94 10.00 10.95
0.00 4.47 6.32 7.75 8.94 10.00 10.95
0 10 20 30 40 50 60
0 0 0 0 0 0 0
10
10.95 18.81 26.52 34.22 41.92 49.62 57.32 65.02 72.73 79.05
10.95 12.98 12.98 12.98 12.98 12.98 12.98 12.98 12.98 10.95
60 160 260 360 460 560 660 760 860 940
0 2 2 2 2 2 2 2 2 2
8
0.00 80.00 81.06 82.25 83.68 85.53 90.00 120.00
0.00 10.00 8.94 7.75 6.32 4.47 0.00 0.00
0 950 960 970 980 990 1000 1000
0 0 0 0 0 0 0 0
7
120.00 4.47 6.32 7.75 8.94 10.00 10.95
0.00 4.47 6.32 7.75 8.94 10.00 10.95
1000 10 20 30 40 50 60
0 0 0 0 0 0 0
8
0.00 18.51 25.78 33.05 40.32 47.59 54.85 57.40
0.00 13.76 13.76 13.76 13.76 13.76 13.76 13.76
0 160 260 360 460 560 660 695
0 0 0 0 0 0 0 0
4
57.40 66.68 73.00 113.00
13.76 6.32 0.00 0.00
695 795 815 815
0 0 0 0
3
0.00 14.43 16.16
0.00 11.57 11.57
0 100 120
0 0 0
8
16.16 24.80 33.44 42.09 50.73 59.37 68.01 70.61
11.57 11.57 11.57 11.57 11.57 11.57 11.57 11.57
120 220 320 420 520 620 720 750
0 0 0 0 0 0 0 0
5
0.00 79.25 88.00 98.00 138.00
0.00 11.57 10.00 0.00 0.00
0 850 950 1000 1000
0 0 0 0 0
4
138.00 14.22 22.08 26.00
0.00 12.73 12.73 12.73
1000 100 200 250
0 0 0 0
6
0.00 33.86 41.71 49.57 57.42 63.05
0.00 12.73 12.73 12.73 12.73 10.95
0 350 450 550 650 720
0 0 0 0 0 0
8
63.05 64.00 65.06 66.25 67.68 69.53 74.00 104.00
10.95 10.00 8.94 7.75 6.32 4.47 0.00 0.00
720 730 740 750 760 770 780 780
0 0 0 0 0 0 0 0
7
0.00 4.47 6.32 7.75 8.94 10.00 10.95
0.00 4.47 6.32 7.75 8.94 10.00 10.95
0 10 20 30 40 50 60
0 0 0 0 0 0 0
3
10.95 73.97 80.19
10.95 16.08 15.81
60 1060 1160
0 0 0
4
0.00 88.93 96.00 126.00
0.00 7.07 0.00 0.00
0 1260 1285 1285
0 0 0 0
3
126.00 14.15 15.97
0.00 13.71 13.71
1285 100 125
0 0 0
8
0.00 23.27 30.56 37.86 45.15 52.45 59.74 61.20
0.00 13.71 13.71 13.71 13.71 13.71 13.71 13.71
0 225 325 425 525 625 725 745
0 0 0 0 0 0 0 0
4
61.20 69.00 79.00 109.00
13.71 10.00 0.00 0.00
745 845 895 895
0 0 0 0
3
0.00 14.17 17.95
0.00 13.24 13.24
0 100 150
0 0 0
11
17.95 25.50 33.06 40.61 48.17 55.72 63.28 70.83 78.38 85.94 89.75
13.24 13.24 13.24 13.24 13.24 13.24 13.24 13.24 13.24 13.24 12.25
150 250 350 450 550 650 750 850 950 1050 1100
0 0 0 0 0 0 0 0 0 0 0
10
0.00 90.60 91.51 92.51 93.63 94.93 96.52 98.84 102.00 132.00
0.00 11.40 10.49 9.49 8.37 7.07 5.48 3.16 0.00 0.00
0 1110 1120 1130 1140 1150 1160 1170 1175 1175
0 0 0 0 0 0 0 0 0 0
9
132.00 4.47 6.32 7.75 8.94 10.00 10.95 11.83 12.25
0.00 4.47 6.32 7.75 8.94 10.00 10.95 11.83 12.25
1175 10 20 30 40 50 60 70 75
0 0 0 0 0 0 0 0 0
10
0.00 19.66 27.00 34.34 41.68 49.03 56.37 63.71 71.17 72.05
0.00 13.62 13.62 13.62 13.62 13.62 13.62 13.62 11.83 10.95
0 175 275 375 475 575 675 775 875 885
0 0 0 0 0 0 0 0 0 0
8
72.05 73.00 74.06 75.25 76.68 78.53 83.00 113.00
10.95 10.00 8.94 7.75 6.32 4.47 0.00 0.00
885 895 905 915 925 935 945 945
0 0 0 0 0 0 0 0
7
0.00 4.47 6.32 7.75 8.94 10.00 10.95
0.00 4.47 6.32 7.75 8.94 10.00 10.95
0 10 20 30 40 50 60
0 0 0 0 0 0 0
3
10.95 75.63 82.60
10.95 15.63 11.40
60 1060 1160
0 0 0
9
0.00 83.51 84.51 85.63 86.93 88.52 90.84 94.00 129.00
0.00 10.49 9.49 8.37 7.07 5.48 3.16 0.00 0.00
0 1170 1180 1190 1200 1210 1220 1225 1225
0 0 0 0 0 0 0 0 0
8
129.00 4.47 6.32 7.75 8.94 10.00 10.95 11.40
0.00 4.47 6.32 7.75 8.94 10.00 10.95 11.40
1225 10 20 30 40 50 60 65
0 0 0 0 0 0 0 0
3
0.00 77.28 104.05
0.00 15.30 10.95
0 1065 1465
0 0 0
8
104.05 105.00 106.06 107.25 108.68 110.53 115.00 145.00
10.95 10.00 8.94 7.75 6.32 4.47 0.00 0.00
1465 1475 1485 1495 1505 1515 1525 1525
0 0 0 0 0 0 0 0
7
0.00 4.47 6.32 7.75 8.94 10.00 10.95
0.00 4.47 6.32 7.75 8.94 10.00 10.95
0 10 20 30 40 50 60
0 0 0 0 0 0 0
3
10.95 68.18 93.58
10.95 19.29 19.29
60 1060 1550
0 0 0
3
0.00 41.14 64.05
0.00 27.06 10.95
0 1000 1490
0 0 0
8
64.05 65.00 66.06 67.25 68.68 70.53 75.00 105.00
10.95 10.00 8.94 7.75 6.32 4.47 0.00 0.00
1490 1500 1510 1520 1530 1540 1550 1550
0 0 0 0 0 0 0 0
7
0.00 4.47 6.32 7.75 8.94 10.00 10.95
0.00 4.47 6.32 7.75 8.94 10.00 10.95
0 10 20 30 40 50 60
0 0 0 0 0 0 0
3
10.95 78.41 105.60
10.95 14.94 11.40
60 1060 1460
0 0 0
9
0.00 106.51 107.51 108.63 109.93 111.52 113.84 117.00 152.00
0.00 10.49 9.49 8.37 7.07 5.48 3.16 0.00 0.00
0 1470 1480 1490 1500 1510 1520 1525 1525
0 0 0 0 0 0 0 0 0
8
152.00 4.47 6.32 7.75 8.94 10.00 10.95 11.40
0.00 4.47 6.32 7.75 8.94 10.00 10.95 11.40
1525 10 20 30 40 50 60 65
0 0 0 0 0 0 0 0
3
0.00 76.91 84.05
0.00 15.39 10.95
0 1065 1165
0 0 0
8
84.05 85.00 86.06 87.25 88.68 90.53 95.00 125.00
10.95 10.00 8.94 7.75 6.32 4.47 0.00 0.00
1165 1175 1185 1195 1205 1215 1225 1225
0 0 0 0 0 0 0 0
7
0.00 4.47 6.32 7.75 8.94 10.00 10.95
0.00 4.47 6.32 7.75 8.94 10.00 10.95
0 10 20 30 40 50 60
0 0 0 0 0 0 0
10
10.95 18.56 25.90 33.24 40.58 47.92 55.27 62.61 69.96 70.75
10.95 13.62 13.62 13.62 13.62 13.62 13.62 13.62 13.04 12.25
60 160 260 360 460 560 660 760 860 870
0 0 0 0 0 0 0 0 0 0
10
0.00 71.60 72.51 73.51 74.63 75.93 77.52 79.84 83.00 113.00
0.00 11.40 10.49 9.49 8.37 7.07 5.48 3.16 0.00 0.00
0 880 890 900 910 920 930 940 945 945
0 0 0 0 0 0 0 0 0 0
9
113.00 4.47 6.32 7.75 8.94 10.00 10.95 11.83 12.25
0.00 4.47 6.32 7.75 8.94 10.00 10.95 11.83 12.25
945 10 20 30 40 50 60 70 75
0 0 0 0 0 0 0 0 0
11
0.00 20.02 27.77 35.52 43.28 51.03 58.78 66.54 74.29 82.04 85.92
0.00 12.90 12.90 12.90 12.90 12.90 12.90 12.90 12.90 12.90 12.90
0 175 275 375 475 575 675 775 875 975 1025
0 0 0 0 0 0 0 0 0 0 0
4
85.92 94.00 104.00 134.00
12.90 10.00 0.00 0.00
1025 1125 1175 1175
0 0 0 0
3
0.00 14.16 17.88
0.00 13.45 13.45
0 100 150
0 0 0
8
17.88 25.31 32.75 40.19 47.62 55.06 62.49 63.98
13.45 13.45 13.45 13.45 13.45 13.45 13.45 13.45
150 250 350 450 550 650 750 770
0 0 0 0 0 0 0 0
4
0.00 72.93 80.00 110.00
0.00 7.07 0.00 0.00
0 870 895 895
0 0 0 0
3
110.00 14.14 15.81
0.00 14.14 15.81
895 100 125
0 0 0
3
0.00 78.98 86.05
0.00 15.83 10.95
0 1125 1225
0 0 0
8
86.05 87.00 88.06 89.25 90.68 92.53 97.00 127.00
10.95 10.00 8.94 7.75 6.32 4.47 0.00 0.00
1225 1235 1245 1255 1265 1275 1285 1285
0 0 0 0 0 0 0 0
7
0.00 4.47 6.32 7.75 8.94 10.00 10.95
0.00 4.47 6.32 7.75 8.94 10.00 10.95
0 10 20 30 40 50 60
0 0 0 0 0 0 0
6
10.95 18.93 26.79 34.64 42.50 48.00
10.95 12.73 12.73 12.73 12.73 12.73
60 160 260 360 460 530
0 0 0 0 0 0
5
0.00 55.85 64.00 74.00 114.00
0.00 12.73 10.00 0.00 0.00
0 630 730 780 780
0 0 0 0 0
4
114.00 14.47 23.23 27.60
0.00 11.42 11.42 11.42
780 100 200 250
0 0 0 0
8
0.00 36.36 45.12 53.88 62.64 71.40 80.15 82.78
0.00 11.42 11.42 11.42 11.42 11.42 11.42 11.42
0 350 450 550 650 750 850 880
0 0 0 0 0 0 0 0
4
82.78 92.68 99.00 140.00
11.42 6.32 0.00 0.00
880 980 1000 1000
0 0 0 0
3
0.00 14.14 15.56
0.00 14.07 14.07
0 100 120
0 0 0
8
15.56 22.67 29.78 36.89 44.00 51.10 58.22 61.05
14.07 14.07 14.07 14.07 14.07 14.07 13.78 10.95
120 220 320 420 520 620 720 755
0 0 0 0 0 0 0 0
8
0.00 62.00 63.06 64.25 65.68 67.53 72.00 102.00
0.00 10.00 8.94 7.75 6.32 4.47 0.00 0.00
0 765 775 785 795 805 815 815
0 0 0 0 0 0 0 0
7
102.00 4.47 6.32 7.75 8.94 10.00 10.95
0.00 4.47 6.32 7.75 8.94 10.00 10.95
815 10 20 30 40 50 60
0 0 0 0 0 0 0
10
0.00 18.81 26.52 34.22 41.92 49.62 57.32 65.02 72.73 79.05
0.00 12.98 12.98 12.98 12.98 12.98 12.98 12.98 12.98 10.95
0 160 260 360 460 560 660 760 860 940
0 0 0 0 0 0 0 0 0 0
8
79.05 80.00 81.06 82.25 83.68 85.53 90.00 120.00
10.95 10.00 8.94 7.75 6.32 4.47 0.00 0.00
940 950 960 970 980 990 1000 1000
0 0 0 0 0 0 0 0
7
0.00 4.47 6.32 7.75 8.94 10.00 10.95
0.00 4.47 6.32 7.75 8.94 10.00 10.95
0 10 20 30 40 50 60
0 0 0 0 0 0 0
3
10.95 63.78 74.98
10.95 19.65 19.65
60 1060 1280
0 0 0
5
0.00 80.51 89.68 96.00 131.00
0.00 15.49 6.32 0.00 0.00
0 1380 1480 1500 1500
0 0 0 0 0
4
131.00 14.16 21.63 23.12
0.00 13.39 13.39 13.39
1500 100 200 220
0 0 0 0
10
0.00 30.59 38.05 45.52 52.99 60.45 67.92 75.38 82.85 89.05
0.00 13.39 13.39 13.39 13.39 13.39 13.39 13.39 13.39 10.95
0 320 420 520 620 720 820 920 1020 1100
0 0 0 0 0 0 0 0 0 0
8
89.05 90.00 91.06 92.25 93.68 95.53 100.00 130.00
10.95 10.00 8.94 7.75 6.32 4.47 0.00 0.00
1100 1110 1120 1130 1140 1150 1160 1160
0 0 0 0 0 0 0 0
7
0.00 4.47 6.32 7.75 8.94 10.00 10.95
0.00 4.47 6.32 7.75 8.94 10.00 10.95
0 10 20 30 40 50 60
0 0 0 0 0 0 0
3
10.95 72.93 86.05
10.95 16.37 10.95
60 1060 1260
0 0 0
8
0.00 87.00 88.06 89.25 90.68 92.53 97.00 127.00
0.00 10.00 8.94 7.75 6.32 4.47 0.00 0.00
0 1270 1280 1290 1300 1310 1320 1320
0 0 0 0 0 0 0 0
7
127.00 4.47 6.32 7.75 8.94 10.00 10.95
0.00 4.47 6.32 7.75 8.94 10.00 10.95
1320 10 20 30 40 50 60
0 0 0 0 0 0 0
3
0.00 73.44 117.17
0.00 16.23 11.83
0 1060 1760
0 0 0
9
117.17 118.05 119.00 120.06 121.25 122.68 124.53 129.00 164.00
11.83 10.95 10.00 8.94 7.75 6.32 4.47 0.00 0.00
1760 1770 1780 1790 1800 1810 1820 1830 1830
0 0 0 0 0 0 0 0 0
8
0.00 4.47 6.32 7.75 8.94 10.00 10.95 11.83
0.00 4.47 6.32 7.75 8.94 10.00 10.95 11.83
0 10 20 30 40 50 60 70
0 0 0 0 0 0 0 0
11
11.83 15.79 23.61 31.42 39.23 47.05 54.86 62.67 70.49 78.30 86.11
11.83 12.80 12.80 12.80 12.80 12.80 12.80 12.80 12.80 12.80 12.80
70 170 270 370 470 570 670 770 870 970 1070
0 0 0 0 0 0 0 0 0 0 0
1984
